1 0.5492788461538461 0.828125 0.051682692307692304 0.19591346153846154
1 0.6586538461538461 0.7055288461538461 0.042067307692307696 0.15384615384615385
1 0.4951923076923077 0.4375 0.03125 0.1622596153846154
1 0.4026442307692308 0.6826923076923077 0.038461538461538464 0.16105769230769232
1 0.38341346153846156 0.30649038461538464 0.039663461538461536 0.1502403846153846
1 0.19230769230769232 0.49759615384615385 0.03245192307692308 0.13701923076923078
1 0.21754807692307693 0.5096153846153846 0.036057692307692304 0.1466346153846154
1 0.2548076923076923 0.9230769230769231 0.04567307692307692 0.14543269230769232
1 0.14423076923076922 0.9483173076923077 0.057692307692307696 0.10336538461538461
1 0.5480769230769231 0.23076923076923078 0.016826923076923076 0.12139423076923077
1 0.6610576923076923 0.21394230769230768 0.028846153846153848 0.13701923076923078
1 0.7307692307692307 0.07451923076923077 0.021634615384615384 0.12860576923076922
1 0.7752403846153846 0.06610576923076923 0.026442307692307692 0.12860576923076922
1 0.5036057692307693 0.10817307692307693 0.027644230769230768 0.12379807692307693
1 0.5288461538461539 0.1045673076923077 0.020432692307692308 0.10216346153846154
1 0.3858173076923077 0.06129807692307692 0.014423076923076924 0.09615384615384616
1 0.12139423076923077 0.1778846153846154 0.03365384615384615 0.12139423076923077
1 0.9495192307692307 0.47115384615384615 0.042067307692307696 0.15144230769230768
1 0.671875 0.04567307692307692 0.026442307692307692 0.09134615384615384
1 0.5697115384615384 0.14182692307692307 0.027644230769230768 0.12620192307692307
1 0.037259615384615384 0.16706730769230768 0.03245192307692308 0.1141826923076923
1 0.7067307692307693 0.9206730769230769 0.04807692307692308 0.15865384615384615
1 0.25240384615384615 0.5036057692307693 0.027644230769230768 0.11899038461538461