1 0.2548076923076923 0.6153846153846154 0.07091346153846154 0.2848557692307692
1 0.1658653846153846 0.5456730769230769 0.056490384615384616 0.3161057692307692
1 0.14783653846153846 0.27884615384615385 0.04807692307692308 0.2980769230769231
1 0.25600961538461536 0.32572115384615385 0.054086538461538464 0.3317307692307692
1 0.20192307692307693 0.4699519230769231 0.046875 0.30408653846153844
1 0.37740384615384615 0.3605769230769231 0.05048076923076923 0.3329326923076923
1 0.3137019230769231 0.38100961538461536 0.0625 0.27403846153846156
1 0.4639423076923077 0.4014423076923077 0.056490384615384616 0.32211538461538464
1 0.3233173076923077 0.18509615384615385 0.056490384615384616 0.19110576923076922
0 0.6706730769230769 0.6442307692307693 0.1310096153846154 0.2439903846153846
1 0.35216346153846156 0.671875 0.1778846153846154 0.14182692307692307