1 0.390625 0.23677884615384615 0.030048076923076924 0.1466346153846154
1 0.5024038461538461 0.5600961538461539 0.039663461538461536 0.16706730769230768
1 0.4050480769230769 0.5504807692307693 0.038461538461538464 0.15144230769230768
1 0.49759615384615385 0.16826923076923078 0.037259615384615384 0.12980769230769232
1 0.5300480769230769 0.16706730769230768 0.020432692307692308 0.10817307692307693
1 0.5528846153846154 0.16947115384615385 0.020432692307692308 0.11298076923076923
1 0.5973557692307693 0.7596153846153846 0.04807692307692308 0.16346153846153846
1 0.6754807692307693 0.9014423076923077 0.04447115384615385 0.15264423076923078
1 0.8149038461538461 0.78125 0.046875 0.16706730769230768
1 0.9627403846153846 0.5913461538461539 0.04807692307692308 0.17427884615384615
1 0.671875 0.13581730769230768 0.025240384615384616 0.12379807692307693
1 0.7307692307692307 0.0829326923076923 0.021634615384615384 0.12860576923076922
1 0.18990384615384615 0.4963942307692308 0.03125 0.1502403846153846
1 0.21394230769230768 0.5168269230769231 0.036057692307692304 0.14543269230769232
1 0.24879807692307693 0.5096153846153846 0.030048076923076924 0.12620192307692307
1 0.10336538461538461 0.24879807692307693 0.042067307692307696 0.13701923076923078
1 0.4423076923076923 0.06610576923076923 0.015625 0.10216346153846154
1 0.5600961538461539 0.0829326923076923 0.026442307692307692 0.11298076923076923
1 0.5120192307692307 0.07211538461538461 0.025240384615384616 0.09735576923076923
1 0.8810096153846154 0.1201923076923077 0.036057692307692304 0.12139423076923077
1 0.9783653846153846 0.14543269230769232 0.039663461538461536 0.11778846153846154
1 0.9074519230769231 0.11538461538461539 0.020432692307692308 0.11298076923076923
1 0.9314903846153846 0.0829326923076923 0.027644230769230768 0.1141826923076923
1 0.9639423076923077 0.0829326923076923 0.025240384615384616 0.11778846153846154
1 0.018028846153846152 0.6262019230769231 0.036057692307692304 0.15625