1 0.6430288461538461 0.5685096153846154 0.03365384615384615 0.1346153846153846
1 0.6610576923076923 0.3137019230769231 0.030048076923076924 0.14302884615384615
1 0.5480769230769231 0.3173076923076923 0.019230769230769232 0.12860576923076922
1 0.4855769230769231 0.3473557692307692 0.027644230769230768 0.14543269230769232
1 0.38100961538461536 0.4170673076923077 0.037259615384615384 0.16826923076923078
1 0.5697115384615384 0.21514423076923078 0.030048076923076924 0.1346153846153846
1 0.5384615384615384 0.6694711538461539 0.039663461538461536 0.17427884615384615
1 0.5144230769230769 0.8473557692307693 0.04807692307692308 0.17908653846153846
1 0.41225961538461536 0.8521634615384616 0.04447115384615385 0.1778846153846154
1 0.28846153846153844 0.9483173076923077 0.057692307692307696 0.10336538461538461
1 0.2692307692307692 0.7860576923076923 0.039663461538461536 0.16346153846153846
1 0.08774038461538461 0.8161057692307693 0.052884615384615384 0.16947115384615385
1 0.18990384615384615 0.5060096153846154 0.030048076923076924 0.13581730769230768
1 0.21514423076923078 0.5180288461538461 0.037259615384615384 0.14543269230769232
1 0.24879807692307693 0.5108173076923077 0.030048076923076924 0.12620192307692307
1 0.9411057692307693 0.40024038461538464 0.036057692307692304 0.15865384615384615
1 0.7980769230769231 0.140625 0.025240384615384616 0.1310096153846154
1 0.7307692307692307 0.0829326923076923 0.020432692307692308 0.125
1 0.6454326923076923 0.09254807692307693 0.026442307692307692 0.10817307692307693
1 0.4987980769230769 0.06850961538461539 0.03125 0.11538461538461539
1 0.5288461538461539 0.07091346153846154 0.021634615384615384 0.09615384615384616
1 0.3269230769230769 0.06971153846153846 0.030048076923076924 0.0985576923076923
1 0.36778846153846156 0.0673076923076923 0.021634615384615384 0.1201923076923077
1 0.12259615384615384 0.14543269230769232 0.03245192307692308 0.1310096153846154
1 0.037259615384615384 0.17307692307692307 0.030048076923076924 0.1141826923076923
1 0.9591346153846154 0.2247596153846154 0.030048076923076924 0.10817307692307693
1 0.984375 0.2439903846153846 0.026442307692307692 0.12620192307692307