1 0.06009615384615385 0.7355769230769231 0.052884615384615384 0.18389423076923078
1 0.019230769230769232 0.40384615384615385 0.038461538461538464 0.1466346153846154
1 0.41346153846153844 0.4326923076923077 0.03245192307692308 0.13701923076923078
1 0.5024038461538461 0.6935096153846154 0.038461538461538464 0.18389423076923078
1 0.19230769230769232 0.4879807692307692 0.030048076923076924 0.15144230769230768
1 0.5360576923076923 0.6225961538461539 0.038461538461538464 0.16466346153846154
1 0.7620192307692307 0.7896634615384616 0.042067307692307696 0.14543269230769232
1 0.7524038461538461 0.9290865384615384 0.05889423076923077 0.140625
1 0.6141826923076923 0.9387019230769231 0.04326923076923077 0.12259615384615384
1 0.22235576923076922 0.5108173076923077 0.036057692307692304 0.15144230769230768
1 0.25240384615384615 0.5036057692307693 0.026442307692307692 0.12379807692307693
1 0.4026442307692308 0.16105769230769232 0.027644230769230768 0.13942307692307693
1 0.5072115384615384 0.21514423076923078 0.03125 0.1346153846153846
1 0.5372596153846154 0.21634615384615385 0.025240384615384616 0.11778846153846154
1 0.5348557692307693 0.10216346153846154 0.021634615384615384 0.10336538461538461
1 0.5576923076923077 0.1045673076923077 0.015625 0.10817307692307693
1 0.5060096153846154 0.07211538461538461 0.021634615384615384 0.10697115384615384
1 0.6790865384615384 0.06370192307692307 0.026442307692307692 0.11899038461538461
1 0.734375 0.07932692307692307 0.02283653846153846 0.11899038461538461
1 0.8329326923076923 0.6165865384615384 0.04326923076923077 0.15865384615384615
1 0.08413461538461539 0.30528846153846156 0.042067307692307696 0.1346153846153846
1 0.025240384615384616 0.1778846153846154 0.026442307692307692 0.11057692307692307
1 0.8245192307692307 0.08052884615384616 0.03245192307692308 0.11778846153846154
1 0.9543269230769231 0.13701923076923078 0.038461538461538464 0.12379807692307693