1 0.18990384615384615 0.49399038461538464 0.03125 0.14543269230769232
1 0.21514423076923078 0.5144230769230769 0.039663461538461536 0.15625
1 0.24879807692307693 0.5084134615384616 0.030048076923076924 0.12860576923076922
1 0.4098557692307692 0.5096153846153846 0.036057692307692304 0.14783653846153846
1 0.5012019230769231 0.5997596153846154 0.03125 0.16947115384615385
1 0.5793269230769231 0.7199519230769231 0.042067307692307696 0.17427884615384615
1 0.6802884615384616 0.9459134615384616 0.04807692307692308 0.10817307692307693
1 0.7704326923076923 0.921875 0.04567307692307692 0.15625
1 0.8209134615384616 0.7295673076923077 0.04326923076923077 0.16947115384615385
1 0.9723557692307693 0.6310096153846154 0.051682692307692304 0.18269230769230768
1 0.02403846153846154 0.6634615384615384 0.046875 0.17548076923076922
1 0.09495192307692307 0.26322115384615385 0.038461538461538464 0.13701923076923078
1 0.3918269230769231 0.21514423076923078 0.03125 0.14302884615384615
1 0.5024038461538461 0.1875 0.028846153846153848 0.1346153846153846
1 0.5324519230769231 0.18389423076923078 0.02283653846153846 0.11899038461538461
1 0.6706730769230769 0.11298076923076923 0.030048076923076924 0.11538461538461539
1 0.7295673076923077 0.07932692307692307 0.016826923076923076 0.125
1 0.8617788461538461 0.109375 0.03125 0.1201923076923077
1 0.8894230769230769 0.09975961538461539 0.02283653846153846 0.1141826923076923
1 0.9170673076923077 0.07211538461538461 0.03245192307692308 0.1141826923076923
1 0.9543269230769231 0.0673076923076923 0.030048076923076924 0.11778846153846154
1 0.9783653846153846 0.18629807692307693 0.03245192307692308 0.12139423076923077
1 0.9723557692307693 0.12860576923076922 0.03245192307692308 0.12139423076923077
1 0.01201923076923077 0.36658653846153844 0.02403846153846154 0.12259615384615384
1 0.03485576923076923 0.17548076923076922 0.03365384615384615 0.1141826923076923
1 0.4567307692307692 0.057692307692307696 0.02403846153846154 0.09975961538461539
1 0.5012019230769231 0.04807692307692308 0.021634615384615384 0.09615384615384616
1 0.5192307692307693 0.0829326923076923 0.02403846153846154 0.10336538461538461
1 0.5576923076923077 0.057692307692307696 0.02403846153846154 0.09735576923076923
1 0.5552884615384616 0.14783653846153846 0.020432692307692308 0.10336538461538461