1 0.6201923076923077 0.40625 0.03245192307692308 0.12860576923076922
1 0.3713942307692308 0.48677884615384615 0.036057692307692304 0.171875
1 0.5829326923076923 0.7139423076923077 0.04326923076923077 0.16947115384615385
1 0.6454326923076923 0.765625 0.056490384615384616 0.16105769230769232
1 0.8209134615384616 0.5396634615384616 0.040865384615384616 0.15144230769230768
1 0.12980769230769232 0.6586538461538461 0.04326923076923077 0.17548076923076922
1 0.09254807692307693 0.8870192307692307 0.06129807692307692 0.15745192307692307
1 0.49759615384615385 0.3088942307692308 0.03125 0.12980769230769232
1 0.5324519230769231 0.234375 0.030048076923076924 0.13221153846153846
1 0.5865384615384616 0.15865384615384615 0.02403846153846154 0.10817307692307693
1 0.3786057692307692 0.17307692307692307 0.025240384615384616 0.125
1 0.31850961538461536 0.40625 0.03245192307692308 0.13701923076923078
1 0.40625 0.35216346153846156 0.028846153846153848 0.1466346153846154
1 0.19230769230769232 0.5204326923076923 0.030048076923076924 0.14543269230769232
1 0.21995192307692307 0.5396634615384616 0.036057692307692304 0.1466346153846154
1 0.24879807692307693 0.5288461538461539 0.030048076923076924 0.12620192307692307
1 0.3137019230769231 0.3016826923076923 0.028846153846153848 0.08774038461538461
1 0.8329326923076923 0.7055288461538461 0.046875 0.18269230769230768
1 0.9278846153846154 0.5480769230769231 0.04447115384615385 0.16466346153846154
1 0.9278846153846154 0.29447115384615385 0.037259615384615384 0.13581730769230768
1 0.9759615384615384 0.27884615384615385 0.03125 0.12980769230769232
1 0.7319711538461539 0.09975961538461539 0.020432692307692308 0.125
1 0.42788461538461536 0.109375 0.016826923076923076 0.12139423076923077
1 0.4579326923076923 0.11298076923076923 0.02283653846153846 0.11899038461538461
1 0.48197115384615385 0.06971153846153846 0.020432692307692308 0.1141826923076923
1 0.5012019230769231 0.07211538461538461 0.016826923076923076 0.1045673076923077
1 0.06009615384615385 0.16706730769230768 0.025240384615384616 0.109375
1 0.025240384615384616 0.11538461538461539 0.036057692307692304 0.09254807692307693
1 0.6129807692307693 0.11298076923076923 0.018028846153846152 0.11298076923076923
1 0.6322115384615384 0.10336538461538461 0.021634615384615384 0.1201923076923077
1 0.6826923076923077 0.046875 0.015625 0.09254807692307693
1 0.7127403846153846 0.05048076923076923 0.021634615384615384 0.10096153846153846
1 0.8521634615384616 0.0889423076923077 0.020432692307692308 0.10216346153846154
1 0.8701923076923077 0.08533653846153846 0.026442307692307692 0.1045673076923077
1 0.8954326923076923 0.11899038461538461 0.03245192307692308 0.1201923076923077
1 0.9266826923076923 0.1875 0.03365384615384615 0.078125
1 0.5685096153846154 0.9447115384615384 0.036057692307692304 0.109375