1 0.4098557692307692 0.4987980769230769 0.038461538461538464 0.16105769230769232
1 0.15384615384615385 0.4855769230769231 0.03485576923076923 0.15865384615384615
1 0.04447115384615385 0.8245192307692307 0.055288461538461536 0.18028846153846154
1 0.36658653846153844 0.6971153846153846 0.042067307692307696 0.19110576923076922
1 0.6117788461538461 0.5396634615384616 0.037259615384615384 0.140625
1 0.7716346153846154 0.3713942307692308 0.036057692307692304 0.15384615384615385
1 0.7824519230769231 0.5180288461538461 0.040865384615384616 0.15384615384615385
1 0.3112980769230769 0.3161057692307692 0.03125 0.125
1 0.38221153846153844 0.29086538461538464 0.03245192307692308 0.13701923076923078
1 0.4987980769230769 0.22355769230769232 0.03125 0.12379807692307693
1 0.7632211538461539 0.7379807692307693 0.05889423076923077 0.16947115384615385
1 0.1935096153846154 0.5276442307692307 0.030048076923076924 0.13221153846153846
1 0.21394230769230768 0.5480769230769231 0.037259615384615384 0.14302884615384615
1 0.0625 0.17548076923076922 0.025240384615384616 0.11057692307692307
1 0.12259615384615384 0.09615384615384616 0.03245192307692308 0.10697115384615384
1 0.19951923076923078 0.07692307692307693 0.02403846153846154 0.109375
1 0.3088942307692308 0.22115384615384615 0.025240384615384616 0.06610576923076923
1 0.42788461538461536 0.1310096153846154 0.020432692307692308 0.11057692307692307
1 0.4543269230769231 0.125 0.02283653846153846 0.1201923076923077
1 0.47716346153846156 0.140625 0.021634615384615384 0.11538461538461539
1 0.5288461538461539 0.15625 0.026442307692307692 0.125
1 0.48197115384615385 0.039663461538461536 0.020432692307692308 0.07932692307692307
1 0.5793269230769231 0.0889423076923077 0.021634615384615384 0.09615384615384616
1 0.6189903846153846 0.20072115384615385 0.025240384615384616 0.1201923076923077
1 0.640625 0.18389423076923078 0.026442307692307692 0.12620192307692307
1 0.6213942307692307 0.9411057692307693 0.052884615384615384 0.11778846153846154
1 0.2536057692307692 0.5360576923076923 0.03125 0.1310096153846154
1 0.390625 0.055288461538461536 0.020432692307692308 0.09375
1 0.7319711538461539 0.11057692307692307 0.020432692307692308 0.125
1 0.8954326923076923 0.20192307692307693 0.03245192307692308 0.11899038461538461
1 0.9507211538461539 0.19110576923076922 0.027644230769230768 0.11778846153846154
1 0.8329326923076923 0.06610576923076923 0.020432692307692308 0.09975961538461539
1 0.8509615384615384 0.06490384615384616 0.020432692307692308 0.1045673076923077
1 0.8834134615384616 0.0673076923076923 0.027644230769230768 0.1141826923076923
1 0.9122596153846154 0.109375 0.03245192307692308 0.07692307692307693
1 0.6911057692307693 0.055288461538461536 0.014423076923076924 0.09375