1 0.4098557692307692 0.45552884615384615 0.030048076923076924 0.15144230769230768
1 0.3713942307692308 0.6370192307692307 0.038461538461538464 0.18509615384615385
1 0.6141826923076923 0.5012019230769231 0.03245192307692308 0.13581730769230768
1 0.6153846153846154 0.8990384615384616 0.04927884615384615 0.18990384615384615
1 0.7475961538461539 0.7391826923076923 0.042067307692307696 0.16346153846153846
1 0.7920673076923077 0.5564903846153846 0.042067307692307696 0.1622596153846154
1 0.7836538461538461 0.40625 0.036057692307692304 0.15144230769230768
1 0.9783653846153846 0.6838942307692307 0.04326923076923077 0.18389423076923078
1 0.3137019230769231 0.33653846153846156 0.030048076923076924 0.12980769230769232
1 0.3858173076923077 0.25961538461538464 0.03125 0.13581730769230768
1 0.14903846153846154 0.5252403846153846 0.04326923076923077 0.1622596153846154
1 0.05889423076923077 0.8341346153846154 0.0625 0.15865384615384615
1 0.1935096153846154 0.5228365384615384 0.03125 0.14182692307692307
1 0.21875 0.5444711538461539 0.03485576923076923 0.1466346153846154
1 0.3125 0.23918269230769232 0.025240384615384616 0.08052884615384616
1 0.4963942307692308 0.23918269230769232 0.03245192307692308 0.12379807692307693
1 0.53125 0.171875 0.025240384615384616 0.1310096153846154
1 0.4266826923076923 0.1201923076923077 0.015625 0.11778846153846154
1 0.453125 0.11778846153846154 0.020432692307692308 0.1310096153846154
1 0.5793269230769231 0.10336538461538461 0.027644230769230768 0.0985576923076923
1 0.06129807692307692 0.17307692307692307 0.026442307692307692 0.1141826923076923
1 0.13942307692307693 0.07451923076923077 0.030048076923076924 0.11057692307692307
1 0.2091346153846154 0.057692307692307696 0.021634615384615384 0.11057692307692307
1 0.6225961538461539 0.18028846153846154 0.02403846153846154 0.12379807692307693
1 0.8377403846153846 0.06971153846153846 0.016826923076923076 0.10336538461538461
1 0.8894230769230769 0.08052884615384616 0.028846153846153848 0.12139423076923077
1 0.9543269230769231 0.21033653846153846 0.030048076923076924 0.12379807692307693
1 0.6418269230769231 0.15504807692307693 0.02403846153846154 0.11899038461538461
1 0.6911057692307693 0.05048076923076923 0.016826923076923076 0.0985576923076923
1 0.3894230769230769 0.039663461538461536 0.02403846153846154 0.078125
1 0.7319711538461539 0.10336538461538461 0.016826923076923076 0.12980769230769232
1 0.9050480769230769 0.22115384615384615 0.036057692307692304 0.125
1 0.9182692307692307 0.140625 0.028846153846153848 0.10817307692307693
1 0.25240384615384615 0.5336538461538461 0.03245192307692308 0.1310096153846154