1 0.5072115384615384 0.4963942307692308 0.03245192307692308 0.15745192307692307
1 0.5024038461538461 0.6346153846153846 0.039663461538461536 0.16466346153846154
1 0.5528846153846154 0.44711538461538464 0.026442307692307692 0.1346153846153846
1 0.4855769230769231 0.2403846153846154 0.030048076923076924 0.1346153846153846
1 0.5673076923076923 0.31971153846153844 0.03365384615384615 0.14783653846153846
1 0.6213942307692307 0.40625 0.03245192307692308 0.12620192307692307
1 0.6682692307692307 0.47115384615384615 0.037259615384615384 0.15745192307692307
1 0.9663461538461539 0.5384615384615384 0.05048076923076923 0.17307692307692307
1 0.9266826923076923 0.296875 0.038461538461538464 0.14543269230769232
1 0.8221153846153846 0.22956730769230768 0.030048076923076924 0.13701923076923078
1 0.7319711538461539 0.08533653846153846 0.020432692307692308 0.12980769230769232
1 0.6213942307692307 0.16105769230769232 0.03245192307692308 0.10817307692307693
1 0.38341346153846156 0.5600961538461539 0.04807692307692308 0.16706730769230768
1 0.2980769230769231 0.7680288461538461 0.051682692307692304 0.16947115384615385
1 0.28725961538461536 0.5949519230769231 0.038461538461538464 0.1466346153846154
1 0.36538461538461536 0.15625 0.026442307692307692 0.1310096153846154
1 0.3858173076923077 0.09735576923076923 0.027644230769230768 0.1201923076923077
1 0.4375 0.05889423076923077 0.021634615384615384 0.1141826923076923
1 0.4579326923076923 0.05889423076923077 0.021634615384615384 0.11778846153846154
1 0.24879807692307693 0.06610576923076923 0.02283653846153846 0.09375
1 0.12379807692307693 0.09375 0.03125 0.11778846153846154
1 0.04927884615384615 0.15865384615384615 0.025240384615384616 0.10817307692307693
1 0.19230769230769232 0.5012019230769231 0.03125 0.1466346153846154
1 0.21875 0.5204326923076923 0.037259615384615384 0.14182692307692307
1 0.24639423076923078 0.5072115384615384 0.03365384615384615 0.13221153846153846
1 0.12379807692307693 0.8894230769230769 0.054086538461538464 0.18389423076923078
1 0.9375 0.1778846153846154 0.026442307692307692 0.11057692307692307
1 0.9651442307692307 0.1778846153846154 0.02283653846153846 0.11778846153846154
1 0.016826923076923076 0.6298076923076923 0.03365384615384615 0.15865384615384615